Experiment_ID,Initial_LHC_samples,BayesOpt_samples,Experiment_1_HV,Experiment_2_HV,Experiment_3_HV,Experiment_4_HV
2.0,20.0,0.0,371818176.0,1194541.25,199337616.0,
2.0,10.0,10.0,54924720.0,1709873.875,4059511808.0,
2.0,20.0,0.0,24316350.0,9253074.0,187408416.0,
2.0,10.0,10.0,2084.47021484375,8465508.0,149119.484375,
2.0,20.0,0.0,54834292.0,152777440.0,5408912.0,2594771.25
2.0,10.0,10.0,32947790.0,334256032.0,8389657.0,8441012.0
2.0,20.0,0.0,1884148864.0,100377728.0,,
2.0,10.0,10.0,26673216.0,370822.625,,
2.0,20.0,0.0,1246960.125,3151270.75,,
2.0,10.0,10.0,39538876.0,757269.1875,,
