Experiment_ID,Initial_LHC_samples,BayesOpt_samples,Experiment_1_HV,Experiment_2_HV,Experiment_3_HV,Experiment_4_HV,Experiment_5_HV,Experiment_6_HV,Experiment_7_HV,Experiment_8_HV,Experiment_9_HV,Experiment_10_HV,Experiment_11_HV,Experiment_12_HV,Experiment_13_HV,Experiment_14_HV,Experiment_15_HV,Experiment_16_HV,Experiment_17_HV,Experiment_18_HV,Experiment_19_HV,Experiment_20_HV,Experiment_21_HV,Experiment_22_HV,Experiment_23_HV,Experiment_24_HV,Experiment_25_HV,Experiment_26_HV,Experiment_27_HV,Experiment_28_HV,Experiment_29_HV,Experiment_30_HV,Experiment_31_HV,Experiment_32_HV,Experiment_33_HV,Experiment_34_HV,Experiment_35_HV,Experiment_36_HV,Experiment_37_HV,Experiment_38_HV,Experiment_39_HV,Experiment_40_HV,Experiment_41_HV,Experiment_42_HV,Experiment_43_HV,Experiment_44_HV,Experiment_45_HV,Experiment_46_HV,Experiment_47_HV,Experiment_48_HV,Experiment_49_HV,Experiment_50_HV,Experiment_51_HV,Experiment_52_HV,Experiment_53_HV,Experiment_54_HV,Experiment_55_HV,Experiment_56_HV,Experiment_57_HV,Experiment_58_HV,Experiment_59_HV,Experiment_60_HV,Experiment_61_HV,Experiment_62_HV,Experiment_63_HV,Experiment_64_HV,Experiment_65_HV,Experiment_66_HV,Experiment_67_HV,Experiment_68_HV,Experiment_69_HV,Experiment_70_HV,Experiment_71_HV,Experiment_72_HV,Experiment_73_HV,Experiment_74_HV,Experiment_75_HV,Experiment_76_HV,Experiment_77_HV,Experiment_78_HV,Experiment_79_HV,Experiment_80_HV,Experiment_81_HV,Experiment_82_HV,Experiment_83_HV,Experiment_84_HV,Experiment_85_HV,Experiment_86_HV,Experiment_87_HV,Experiment_88_HV,Experiment_89_HV,Experiment_90_HV,Experiment_91_HV,Experiment_92_HV,Experiment_93_HV,Experiment_94_HV,Experiment_95_HV,Experiment_96_HV,Experiment_97_HV,Experiment_98_HV,Experiment_99_HV,Experiment_100_HV
2.0,20.0,0.0,371818176.0,1194541.25,199337616.0,,,,,,,,,,,,,,,,,,,,,,,,,,,,,,,,,,,,,,,,,,,,,,,,,,,,,,,,,,,,,,,,,,,,,,,,,,,,,,,,,,,,,,,,,,,,,,,,,
2.0,10.0,10.0,54924720.0,1709873.875,4059511808.0,,,,,,,,,,,,,,,,,,,,,,,,,,,,,,,,,,,,,,,,,,,,,,,,,,,,,,,,,,,,,,,,,,,,,,,,,,,,,,,,,,,,,,,,,,,,,,,,,
2.0,20.0,0.0,24316350.0,9253074.0,187408416.0,,,,,,,,,,,,,,,,,,,,,,,,,,,,,,,,,,,,,,,,,,,,,,,,,,,,,,,,,,,,,,,,,,,,,,,,,,,,,,,,,,,,,,,,,,,,,,,,,
2.0,10.0,10.0,2084.47021484375,8465508.0,149119.484375,,,,,,,,,,,,,,,,,,,,,,,,,,,,,,,,,,,,,,,,,,,,,,,,,,,,,,,,,,,,,,,,,,,,,,,,,,,,,,,,,,,,,,,,,,,,,,,,,
2.0,20.0,0.0,54834292.0,152777440.0,5408912.0,2594771.25,,,,,,,,,,,,,,,,,,,,,,,,,,,,,,,,,,,,,,,,,,,,,,,,,,,,,,,,,,,,,,,,,,,,,,,,,,,,,,,,,,,,,,,,,,,,,,,,
2.0,10.0,10.0,32947790.0,334256032.0,8389657.0,8441012.0,,,,,,,,,,,,,,,,,,,,,,,,,,,,,,,,,,,,,,,,,,,,,,,,,,,,,,,,,,,,,,,,,,,,,,,,,,,,,,,,,,,,,,,,,,,,,,,,
2.0,20.0,0.0,1884148864.0,100377728.0,,,,,,,,,,,,,,,,,,,,,,,,,,,,,,,,,,,,,,,,,,,,,,,,,,,,,,,,,,,,,,,,,,,,,,,,,,,,,,,,,,,,,,,,,,,,,,,,,,
2.0,10.0,10.0,26673216.0,370822.625,,,,,,,,,,,,,,,,,,,,,,,,,,,,,,,,,,,,,,,,,,,,,,,,,,,,,,,,,,,,,,,,,,,,,,,,,,,,,,,,,,,,,,,,,,,,,,,,,,
2.0,20.0,0.0,1246960.125,3151270.75,,,,,,,,,,,,,,,,,,,,,,,,,,,,,,,,,,,,,,,,,,,,,,,,,,,,,,,,,,,,,,,,,,,,,,,,,,,,,,,,,,,,,,,,,,,,,,,,,,
2.0,10.0,10.0,39538876.0,757269.1875,,,,,,,,,,,,,,,,,,,,,,,,,,,,,,,,,,,,,,,,,,,,,,,,,,,,,,,,,,,,,,,,,,,,,,,,,,,,,,,,,,,,,,,,,,,,,,,,,,
2.0,20.0,0.0,1168388.875,59376056.0,,,,,,,,,,,,,,,,,,,,,,,,,,,,,,,,,,,,,,,,,,,,,,,,,,,,,,,,,,,,,,,,,,,,,,,,,,,,,,,,,,,,,,,,,,,,,,,,,,
2.0,10.0,10.0,138925.3125,335892.40625,,,,,,,,,,,,,,,,,,,,,,,,,,,,,,,,,,,,,,,,,,,,,,,,,,,,,,,,,,,,,,,,,,,,,,,,,,,,,,,,,,,,,,,,,,,,,,,,,,
2.0,20.0,0.0,0.0,534175456.0,,,,,,,,,,,,,,,,,,,,,,,,,,,,,,,,,,,,,,,,,,,,,,,,,,,,,,,,,,,,,,,,,,,,,,,,,,,,,,,,,,,,,,,,,,,,,,,,,,
2.0,10.0,10.0,59503072.0,0.0,,,,,,,,,,,,,,,,,,,,,,,,,,,,,,,,,,,,,,,,,,,,,,,,,,,,,,,,,,,,,,,,,,,,,,,,,,,,,,,,,,,,,,,,,,,,,,,,,,
1.0,200.0,0.0,94337784.0,1690103424.0,2007543424.0,1673122304.0,1265333888.0,907164224.0,16357414.0,843690304.0,3820826112.0,376844288.0,555166592.0,86457728.0,737846720.0,26910504.0,576320576.0,1277619712.0,28086996.0,46114196.0,383744384.0,141854080.0,286028224.0,177309744.0,135580448.0,450033888.0,591785664.0,56853328.0,473581024.0,421407872.0,838037888.0,118932408.0,90790264.0,206415776.0,2294460160.0,279066464.0,2035082496.0,437739552.0,105024544.0,7101435392.0,26177492.0,587293952.0,289685984.0,282130816.0,755667712.0,1279183.25,68089712.0,313466272.0,1719414.875,123453080.0,3677967616.0,822945408.0,478551488.0,90719552.0,560485632.0,4363882496.0,26074506.0,102672912.0,187927872.0,30724952.0,289823040.0,3435810048.0,239426496.0,100701456.0,467238784.0,256737264.0,451066976.0,32161862.0,928153920.0,2357587712.0,1187241600.0,411406976.0,596086464.0,363584128.0,1688040704.0,179166304.0,60212584.0,1375412224.0,451455904.0,75894688.0,249909216.0,11370555.0,384255072.0,11448124.0,494968576.0,549884288.0,518338752.0,674140736.0,544234624.0,1091803392.0,1638211456.0,922209600.0,36116896.0,100848824.0,1087509.125,235343712.0,1203460608.0,46423184.0,498326176.0,67837520.0,947564864.0,1778932736.0
1.0,100.0,100.0,911500032.0,349965824.0,323125312.0,461972128.0,131321480.0,924847040.0,237389360.0,901598144.0,20792882.0,416991616.0,187543040.0,307686272.0,3119420672.0,2692533504.0,46720660.0,223859472.0,165201632.0,351756288.0,2170425600.0,939160256.0,1149409792.0,305594656.0,29730956.0,403651680.0,1189266944.0,1323808512.0,156802496.0,969139072.0,4679292416.0,1684891904.0,50868216.0,527039648.0,269652768.0,15070989.0,402393536.0,1007182464.0,1560364032.0,2368297728.0,524988736.0,464085664.0,143236304.0,7956725.5,877962560.0,41048280.0,82569680.0,53841056.0,423116000.0,433907008.0,166529536.0,69372488.0,17753832.0,9386098.0,92836592.0,615524672.0,752199680.0,466340192.0,48773596.0,259785104.0,526717280.0,2596399104.0,1062949376.0,1367271424.0,677215296.0,76424240.0,84190312.0,1224905856.0,6260816384.0,17558846.0,1034120128.0,179128096.0,178962160.0,74017192.0,1185244160.0,941432320.0,878625920.0,2584557312.0,574781952.0,31003962.0,805265664.0,519844736.0,1245020928.0,252794288.0,17483896.0,623364736.0,284555008.0,2500427008.0,552816000.0,53324268.0,23769508.0,970944896.0,101036248.0,1273976960.0,428399392.0,121760688.0,149371936.0,395194400.0,2545038592.0,3128827648.0,380433504.0,14275583.0
3.0,200.0,0.0,0.0,69.6106948852539,15231.7763671875,3.02473783493042,58098.12890625,6548.70556640625,7811.29638671875,6305.078125,73.23055267333984,48.31419372558594,7924.67822265625,0.0,0.0,12395.3115234375,50624.98828125,763.7069702148438,2263.217529296875,0.0,2264.2373046875,4574.31298828125,2156.95361328125,4295.09326171875,8779.419921875,3931.007080078125,931.000244140625,3181.02294921875,43472.1640625,3474.86181640625,23529.2890625,0.000330451526679,301.5263061523437,30.83608055114746,9742.720703125,86.77871704101562,0.0,413.6358642578125,5878.1337890625,2974.655517578125,2050.359619140625,0.0,13764.5712890625,0.0,5811.57958984375,6500.490234375,4203.755859375,3545.600341796875,6008.19873046875,940.8745727539062,2095.052001953125,932.29736328125,,,,,,,,,,,,,,,,,,,,,,,,,,,,,,,,,,,,,,,,,,,,,,,,,,
3.0,100.0,100.0,9149.2255859375,2962.183837890625,22651.94921875,43.5053939819336,583.7396850585938,30739.1796875,1080.7689208984375,10607.423828125,20.23716163635254,0.0,327.5238342285156,48055.203125,150.71768188476562,10709.5751953125,0.0,331.3401184082031,14512.5146484375,0.0,2307.01904296875,13.551420211791992,0.0,0.0,0.0,0.0,57.83699417114258,4486.89404296875,296.5967102050781,18885.408203125,17512.72265625,14696.775390625,1276.65185546875,116582.546875,8435.14453125,0.0,50138.0078125,228.5303955078125,211.4302520751953,35391.26171875,970.2512817382812,1.1403571367263794,10721.33984375,372.49310302734375,661.2960205078125,245.2534027099609,0.0,1047.8587646484375,55527.84765625,0.0,326.9031066894531,0.0,,,,,,,,,,,,,,,,,,,,,,,,,,,,,,,,,,,,,,,,,,,,,,,,,,
1.0,500.0,0.0,1167204480.0,1791635968.0,1055534144.0,678984960.0,735126720.0,1351642624.0,178840560.0,460361152.0,1684874880.0,503826624.0,,,,,,,,,,,,,,,,,,,,,,,,,,,,,,,,,,,,,,,,,,,,,,,,,,,,,,,,,,,,,,,,,,,,,,,,,,,,,,,,,,,,,,,,,,
1.0,200.0,300.0,2835566080.0,1244795648.0,312423072.0,1083026944.0,556551872.0,379665408.0,1163776000.0,4866418176.0,458285504.0,329830528.0,,,,,,,,,,,,,,,,,,,,,,,,,,,,,,,,,,,,,,,,,,,,,,,,,,,,,,,,,,,,,,,,,,,,,,,,,,,,,,,,,,,,,,,,,,
1.0,500.0,0.0,4300377088.0,671871168.0,3173630464.0,1547285376.0,601431168.0,3202531072.0,1352046976.0,3481578240.0,612472256.0,1690563328.0,4398439424.0,701611520.0,140835584.0,1006075008.0,2754347008.0,1439604736.0,3741625856.0,654876480.0,131305296.0,1034950336.0,3974540800.0,1175733248.0,2563628032.0,875635648.0,417371936.0,1220018944.0,1616601216.0,734750464.0,321578560.0,97542264.0,230557248.0,735899136.0,1263740800.0,1500031360.0,398717120.0,9278676992.0,4253021440.0,368754176.0,4301957632.0,1654843136.0,761138816.0,4684932608.0,2093748864.0,3017622016.0,3449254656.0,581292672.0,1491805824.0,1349458176.0,585505344.0,938210944.0,,,,,,,,,,,,,,,,,,,,,,,,,,,,,,,,,,,,,,,,,,,,,,,,,,
1.0,200.0,300.0,446831744.0,104021064.0,457947712.0,347249984.0,1200186368.0,403989888.0,4385469440.0,1136823296.0,777952256.0,265128352.0,1975442432.0,3057053696.0,2341497344.0,593466688.0,2757983488.0,1267813632.0,370561952.0,422072352.0,3004679936.0,490690432.0,3534793984.0,672158656.0,641219712.0,600174464.0,476076736.0,2487934208.0,1042360896.0,1748253312.0,1093056384.0,469182048.0,1587570944.0,2579862272.0,491801056.0,852333312.0,3021821952.0,602832960.0,287261120.0,6400648192.0,720646336.0,3779700736.0,1271249920.0,659534528.0,1690206464.0,369945536.0,1141423232.0,556292736.0,1467460864.0,2013802240.0,536763520.0,289628256.0,,,,,,,,,,,,,,,,,,,,,,,,,,,,,,,,,,,,,,,,,,,,,,,,,,
